Multiple size <= 100
TEST 1 ARG:35 98 99 44 48 19 95 75 81 71 47 9 27 93 73 14 37 45 12 92 7 42 52 62 6 0 79 8 78 26 59 53 82 46 32 67 15 64 24 36 17 2 40 41 21 97 54 70 5 18 56 33 88 77 60 90 57 96 16 20 80 29 11 74 89 69 50 65 51 55 4 23 13 85 84 94 25 68 61 63 72 43 91 38 28 87 58 3 39 83 34 30 76 31 1 66 86 10 49 22
TEST 2 ARG:61 19 27 7 70 74 14 28 81 78 37 80 57 71 11 24 41 30 91 97 72 18 82 93 1 51 31 89 73 94 32 90 6 43 92 4 13 98 47 40 2 53 66 25 35 85 33 69 50 65 17 95 54 8 23 16 44 22 76 26 49 42 20 68 34 52 21 84 10 75 88 62 55 9 86 67 60 77 36 39 58 3 56 38 12 29 15 0 63 87 79 96 48 99 5 83 59 45 46 64
TEST 3 ARG:3 56 34 50 21 24 57 58 78 13 41 15 73 53 95 6 22 47 4 90 19 27 75 16 9 40 43 59 60 68 84 49 31 39 98 83 74 42 79 66 29 7 12 36 54 46 26 70 85 14 20 11 37 99 64 63 96 32 69 61 10 0 18 5 51 86 76 94 62 88 67 2 52 35 91 72 80 8 87 30 38 1 45 55 23 81 82 97 65 77 28 93 44 71 17 33 89 48 92 25
TEST 4 ARG:98 28 67 50 95 55 62 29 22 81 45 33 40 82 59 44 91 57 85 0 23 24 78 13 5 27 3 76 77 99 15 18 17 19 89 46 90 10 51 52 80 37 16 41 25 30 48 56 4 84 36 53 69 58 74 68 83 75 66 20 49 12 87 43 1 61 71 9 31 64 35 94 93 96 6 70 72 39 88 42 11 38 14 79 86 97 8 63 60 2 32 73 54 26 34 92 47 7 65 21
TEST 5 ARG:59 38 7 20 97 4 3 33 64 46 94 87 99 28 61 8 63 81 73 30 9 12 13 68 72 45 26 10 0 15 93 52 40 62 90 66 48 27 54 16 23 1 86 84 6 92 95 51 36 91 49 65 89 55 34 37 14 35 57 43 76 83 19 78 29 32 17 58 44 21 39 50 69 79 2 60 77 18 74 71 31 67 11 53 56 24 85 47 82 42 75 96 88 70 25 41 98 22 80 5
TEST 6 ARG:81 35 34 61 83 73 25 89 84 19 41 57 17 26 69 98 48 31 99 49 38 75 3 56 7 11 55 1 94 40 24 85 53 68 12 77 92 79 37 13 58 9 42 60 93 28 18 90 78 80 20 6 76 88 15 23 33 72 97 32 2 22 87 30 96 0 21 91 70 95 50 44 54 71 82 16 64 4 74 27 29 59 39 47 8 67 45 62 86 43 65 52 66 63 5 36 14 10 46 51
TEST 7 ARG:22 67 57 11 48 66 46 47 27 56 84 85 2 39 20 49 76 0 4 53 32 79 8 14 54 96 83 87 12 21 90 5 73 52 16 80 93 7 77 23 24 13 30 43 62 38 45 41 97 10 17 89 34 3 82 37 36 94 18 9 31 42 69 68 26 65 95 72 55 59 70 75 64 98 1 88 92 35 99 78 15 44 6 40 74 61 50 19 58 86 29 71 25 91 51 33 63 60 28 81
TEST 8 ARG:14 35 16 83 18 24 97 85 33 30 3 70 29 75 80 2 10 28 13 55 36 81 37 46 20 61 4 50 67 64 31 15 34 94 44 88 89 90 57 99 91 78 86 7 87 73 74 17 41 42 8 60 59 25 71 12 52 32 45 54 66 65 68 5 48 22 47 69 72 40 21 84 0 6 39 11 38 76 53 51 62 1 63 23 77 43 9 19 26 92 82 27 49 79 56 98 58 95 96 93
TEST 9 ARG:73 45 86 96 49 84 57 41 72 99 0 33 88 18 3 55 16 17 7 15 5 50 8 83 2 6 70 51 79 59 39 82 62 28 14 21 94 80 89 58 81 30 53 66 42 78 25 90 31 77 20 22 74 40 85 46 71 13 19 38 60 12 32 34 43 1 92 35 98 68 95 26 24 27 65 56 64 93 11 54 10 37 76 63 44 67 52 87 61 48 23 29 36 69 91 75 97 47 9 4
TEST 10 ARG:97 51 95 6 42 46 33 40 4 23 7 58 72 47 0 10 16 54 68 87 73 86 8 39 26 59 18 66 1 44 24 35 49 22 34 60 63 91 75 76 30 99 14 38 19 94 48 25 83 67 71 29 79 82 27 90 9 93 80 41 74 98 78 69 28 84 13 55 11 2 70 5 96 37 89 85 31 36 50 17 64 45 53 32 21 52 92 15 88 57 65 12 20 56 62 61 43 77 81 3
TEST 11 ARG:41 73 79 1 44 61 85 74 16 34 40 36 55 7 65 83 23 38 48 9 69 14 39 26 30 49 58 3 68 93 47 92 76 82 62 72 71 15 63 52 91 60 66 32 21 10 53 81 98 33 4 18 84 50 43 8 31 95 70 57 86 90 22 54 27 24 78 46 77 37 42 88 75 67 94 45 59 11 89 25 56 5 87 12 28 0 17 96 35 13 64 29 19 2 99 80 20 51 97 6
TEST 12 ARG:51 47 41 82 34 45 56 86 42 85 0 37 62 89 83 8 2 36 30 58 71 81 52 1 98 24 53 16 21 32 80 11 74 4 31 90 66 27 94 38 3 44 68 13 28 5 29 60 48 25 23 67 96 40 9 87 63 88 35 22 73 84 92 95 93 6 7 54 43 55 46 15 49 39 77 78 18 76 14 12 59 69 64 20 26 97 19 79 99 65 75 17 10 70 33 50 91 57 72 61
TEST 13 ARG:61 9 72 42 44 93 45 83 12 86 92 8 2 78 94 35 55 79 54 91 38 10 63 68 53 66 74 90 51 19 75 67 31 70 5 24 73 37 39 43 60 71 30 49 29 21 87 11 27 4 57 56 62 98 25 58 81 47 41 36 40 88 3 99 80 95 6 17 7 32 89 46 34 77 16 28 82 26 15 48 13 64 23 85 76 69 84 18 96 52 50 20 14 97 65 33 0 1 59 22
TEST 14 ARG:50 95 76 42 60 75 19 7 79 54 93 6 77 49 61 39 36 22 72 41 47 52 92 99 67 13 96 10 26 85 88 66 35 81 5 64 2 45 17 14 94 34 28 97 65 59 98 46 37 48 15 12 91 30 40 68 56 73 78 29 23 69 51 57 43 21 9 24 55 0 1 82 38 31 86 74 25 90 58 3 80 33 84 71 18 89 8 4 44 11 83 62 53 32 27 63 20 87 70 16
TEST 15 ARG:86 66 58 78 92 96 62 97 10 85 45 88 44 11 35 79 32 23 76 74 64 0 21 73 34 52 15 43 70 4 5 14 27 61 91 50 13 49 69 7 68 33 36 48 53 60 12 41 89 83 51 55 30 24 80 67 57 20 26 25 17 40 65 90 1 75 22 3 56 72 94 63 93 18 19 77 42 99 31 98 87 2 47 16 46 81 9 39 54 29 59 38 37 71 82 6 8 84 95 28
TEST 16 ARG:62 63 23 8 66 67 12 16 79 27 54 53 87 36 6 97 44 85 84 31 10 47 59 93 1 15 80 0 5 71 76 98 18 88 9 22 29 43 99 35 94 17 86 96 58 60 83 37 68 30 24 57 14 95 45 41 75 11 55 46 39 70 13 82 40 3 2 65 73 20 26 28 50 69 81 77 25 32 52 92 38 72 34 21 7 61 78 64 89 49 90 91 74 19 48 33 56 51 42 4
TEST 17 ARG:63 93 64 96 66 97 59 33 88 17 7 55 27 41 73 69 82 72 77 51 5 43 20 44 99 50 13 49 86 19 6 32 23 45 76 14 47 29 83 61 81 15 75 28 30 22 46 91 1 2 98 53 35 48 74 56 3 80 62 36 67 94 71 16 37 79 26 65 34 42 31 54 40 92 78 0 10 70 11 95 12 25 90 58 39 57 24 8 68 38 52 21 84 85 4 9 18 89 60 87
TEST 18 ARG:56 5 28 21 23 98 51 29 93 0 15 58 59 69 83 81 50 63 10 73 84 42 82 78 20 71 91 45 79 43 44 90 77 17 92 52 4 9 68 1 13 18 7 32 57 67 34 53 6 62 88 16 70 66 3 80 95 8 25 47 31 24 39 85 30 99 22 19 40 37 60 76 72 55 74 33 96 11 14 94 65 89 12 38 87 35 64 75 26 97 48 49 54 46 41 61 36 27 86 2
TEST 19 ARG:83 19 37 41 32 46 45 35 99 80 2 48 98 18 31 39 81 16 85 33 51 95 82 56 40 54 38 66 73 94 79 11 42 86 52 3 20 97 70 26 14 12 30 61 60 62 23 27 50 6 15 59 0 25 17 90 44 74 71 69 57 87 55 34 68 10 65 91 72 43 47 58 84 63 7 13 24 9 21 36 92 29 28 22 88 96 53 76 8 93 75 5 49 64 78 67 77 4 89 1
TEST 20 ARG:2 5 61 46 29 8 85 86 75 49 90 0 66 22 27 24 59 19 94 1 33 43 60 83 17 51 95 80 35 92 12 93 55 82 9 30 50 72 36 67 73 70 7 6 14 16 77 39 47 69 65 96 58 13 57 68 87 38 20 56 18 52 71 44 23 25 11 88 40 15 34 91 48 98 26 76 41 89 4 3 84 32 37 42 62 63 97 54 31 79 81 53 74 45 78 21 99 64 28 10
